Phân tích chỉ số tích cực - Premier League 2024-2025
==================================================

1. Tổng hợp chỉ số tích cực của từng đội:
           Team  Gls  Ast    xG   xAG  PrgC  PrgP  PrgR  Gls per 90  Ast per 90  xG per 90  xAG per 90     SCA  SCA90    GCA  GCA90   SoT%  SoT per 90  G per Sh   Cmp    Cmp%  TotDist  ShortCmp%  MedCmp%  LongCmp%  KP  Pass into 1_3  PPA  CrsPA  Tkl  TklW  Blocks  Int  Recov  Aerl Won  Aerl Won%  Touches  Att 3rd  Att Pen  Take-Ons Att   Succ%  Carries  ProDist  Carries 1_3  CPA   Rec  Rec PrgR
        Arsenal   62   51 56.40 42.50   777  1694  1671        3.58        3.02       3.36        2.63  877.00  53.90 110.00   6.43 585.10        9.00      2.88 15789 1811.10   258675    1999.50  1869.00   1217.00 385           1278  402     66  542   323     301  212   1313       438    1052.20    22197     7108     1183           673 1083.90    13052    36908          483  267 15639      1671
    Aston Villa   51   40 51.60 37.80   644  1224  1183        4.35        1.98       4.79        2.08  775.00  53.55  93.00   5.86 697.80       11.99      1.80 13631 2203.50   234032    2435.00  2343.70   1489.60 326           1062  285     50  589   338     302  225   1295       347    1078.90    19974     4796      853           658 1310.60    11305    32592          403  186 13348      1183
    Bournemouth   54   39 61.70 41.60   687  1345  1326        3.11        2.31       4.16        2.95  938.00  59.16  91.00   5.25 500.40       12.38      1.20 11610 1700.40   210403    1997.40  1877.30   1073.20 409           1109  304     93  643   371     433  331   1684       533    1104.00    19607     5514      909           623  864.60    10542    33168          485  209 11493      1326
      Brentford   61   41 54.80 39.80   543  1224  1209        2.43        2.07       2.54        2.19  716.00  39.37 105.00   5.86 556.00        6.62      1.41 12227 1610.50   224262    1822.70  1728.00   1151.70 305           1010  294     82  578   347     445  268   1491       578    1152.60    19678     4831      903           574  926.50    10367    28803          335  193 12044      1209
       Brighton   54   37 52.00 36.40   725  1379  1359        3.01        2.57       3.09        2.65  823.00  64.00  99.00   8.34 711.10        8.45      1.95 14340 2081.10   244412    2339.40  2130.20   1465.60 325           1068  302     79  630   384     399  290   1461       473    1266.30    21431     5443      939           724 1131.70    12598    37817          509  232 14122      1359
        Chelsea   58   44 65.70 49.80   801  1443  1473        3.53        3.31       3.91        3.86  999.00  58.45 103.00   6.27 604.00       11.35      1.65 16033 2005.00   277853    2178.50  2114.00   1363.80 432           1341  328     71  522   328     320  247   1413       343    1032.80    22410     5919     1049           717  978.80    12997    37523          446  300 15948      1473
 Crystal Palace   40   32 53.80 40.20   456  1054  1043        1.79        1.27       2.98        2.12  790.00  46.31  76.00   3.63 614.00       10.31      1.25 10893 1555.60   195611    1770.00  1676.30   1049.90 339            813  251     64  696   410     442  297   1529       470     863.50    18638     4136      722           445  839.20     9325    22937          323  110 10793      1043
        Everton   32   20 36.10 27.10   432   920   919        1.90        1.35       2.24        1.54  621.00  37.35  52.00   3.34 652.00        7.05      1.65 10233 1561.70   193408    1792.00  1678.30   1203.10 260            906  221     81  668   392     354  301   1367       548     997.00    17479     4287      647           579  928.30     8540    22610          318  110 10109       919
         Fulham   48   41 44.60 34.50   664  1297  1347        3.37        2.08       2.97        2.03  789.00  49.02  88.00   4.77 540.80       10.25      1.45 13211 1599.90   230443    1766.90  1678.10   1183.20 346           1060  284     93  589   356     296  245   1354       428     946.50    19578     5506      804           549  808.50    11511    31318          473  181 13057      1347
   Ipswich Town   32   25 30.10 21.10   439   820   781        2.37        2.03       2.37        1.66  566.00  43.87  56.00   4.24 648.40        8.01      1.60 10317 2180.90   184584    2529.90  2374.40   1308.60 243            781  143     42  538   308     392  280   1306       500    1501.60    17182     3483      515           552  946.90     8451    23107          296  128 10178       781
 Leicester City   24   22 27.80 22.90   505   973   918        1.27        1.47       1.57        1.68  508.00  33.24  48.00   3.10 724.70        6.64      1.10 12639 1958.00   212602    2221.80  2120.40   1392.60 221            883  188     57  648   379     445  294   1291       433    1143.10    19479     3518      534           536 1006.40    11038    27242          312  122 12403       918
      Liverpool   80   60 77.20 56.20   749  1763  1744        3.47        2.92       3.87        2.74 1067.00  55.09 137.00   6.90 566.90       10.17      1.36 16950 1741.80   287972    1917.20  1822.60   1265.80 471           1461  400     78  598   370     335  275   1485       380    1054.70    23928     6746     1205           615 1096.00    13755    37241          510  295 16763      1744
Manchester City   66   48 63.00 50.70  1041  1757  1740        4.46        2.55       4.02        2.91  994.00  59.59 116.00   6.89 691.90       11.59      2.92 19838 2162.60   321782    2303.20  2237.90   1494.40 431           1550  397     58  461   280     311  205   1325       278    1129.50    25845     8835     1213           742 1101.60    16617    51299          779  362 19576      1740
 Manchester Utd   40   28 48.10 36.00   632  1296  1281        2.23        1.32       3.80        2.43  848.00  64.96  66.00   3.51 634.90       10.98      1.29 15386 2458.40   252413    2707.80  2546.20   1737.20 366           1018  298     66  753   454     348  344   1593       439    1399.90    22688     5336      871           585 1287.30    13855    34678          444  210 15240      1281
  Newcastle Utd   64   48 60.60 43.30   686  1453  1442        3.70        2.37       3.29        2.24  854.00  47.47 111.00   5.10 495.50        8.81      1.78 14188 1833.40   239629    2017.90  1961.80   1139.50 364           1049  356     65  562   344     394  254   1530       444    1139.00    21244     5592      989           620  904.50    12087    32889          424  247 14083      1442
Nott'ham Forest   53   38 42.10 29.90   574   995   999        2.58        1.76       2.42        1.62  724.00  39.32  82.00   4.19 730.90        9.09      1.57  9619 1545.70   164835    1805.70  1627.50    952.90 307            859  217     56  627   381     398  291   1439       528    1071.00    17105     4593      713           554  900.00     7819    24051          360  174  9571       999
    Southampton   24   15 31.10 23.50   598  1057  1025        1.49        1.25       2.25        1.58  581.00  40.77  40.00   3.12 647.20        6.26      1.76 14494 2344.70   245822    2598.30  2475.50   1503.50 256            935  203     54  592   343     388  279   1334       424    1579.10    21077     4476      634           662 1232.00    11800    31939          442  148 14336      1025
      Tottenham   60   46 56.70 42.70   797  1537  1526        3.64        3.18       3.80        2.88  847.00  52.78 103.00   6.74 789.90       10.85      1.79 15690 2172.70   260411    2408.70  2279.90   1469.60 365           1218  361     82  617   391     409  291   1557       395    1378.90    22894     6003      969           770 1151.80    14260    39494          536  235 15563      1526
       West Ham   37   24 44.40 31.50   573  1125  1116        2.10        1.86       3.43        2.52  754.00  54.77  57.00   3.36 547.20        9.59      1.08 13336 1960.50   234544    2216.90  2081.30   1353.60 305            983  250     65  590   350     416  306   1429       542    1278.50    20764     4463      772           720 1185.60    10545    26935          364  162 13239      1116
         Wolves   50   39 40.50 32.20   542  1056  1041        2.81        2.31       2.56        1.83  679.00  40.95  90.00   5.81 642.40        8.04      2.06 12962 1790.40   221166    2031.60  1951.40   1206.40 285            903  249     64  738   435     415  278   1509       408    1061.60    20144     4180      651           653  926.90    11054    30560          412  131 12862      1041

2. Đội dẫn đầu cho từng chỉ số:
- Gls: Liverpool (80.00)
- Ast: Liverpool (60.00)
- xG: Liverpool (77.20)
- xAG: Liverpool (56.20)
- PrgC: Manchester City (1041.00)
- PrgP: Liverpool (1763.00)
- PrgR: Liverpool (1744.00)
- Gls per 90: Manchester City (4.46)
- Ast per 90: Chelsea (3.31)
- xG per 90: Aston Villa (4.79)
- xAG per 90: Chelsea (3.86)
- SCA: Liverpool (1067.00)
- SCA90: Manchester Utd (64.96)
- GCA: Liverpool (137.00)
- GCA90: Brighton (8.34)
- SoT%: Tottenham (789.90)
- SoT per 90: Bournemouth (12.38)
- G per Sh: Manchester City (2.92)
- Cmp: Manchester City (19838.00)
- Cmp%: Manchester Utd (2458.40)
- TotDist: Manchester City (321782.00)
- ShortCmp%: Manchester Utd (2707.80)
- MedCmp%: Manchester Utd (2546.20)
- LongCmp%: Manchester Utd (1737.20)
- KP: Liverpool (471.00)
- Pass into 1_3: Manchester City (1550.00)
- PPA: Arsenal (402.00)
- CrsPA: Bournemouth (93.00)
- Tkl: Manchester Utd (753.00)
- TklW: Manchester Utd (454.00)
- Blocks: Brentford (445.00)
- Int: Manchester Utd (344.00)
- Recov: Bournemouth (1684.00)
- Aerl Won: Brentford (578.00)
- Aerl Won%: Southampton (1579.10)
- Touches: Manchester City (25845.00)
- Att 3rd: Manchester City (8835.00)
- Att Pen: Manchester City (1213.00)
- Take-Ons Att: Tottenham (770.00)
- Succ%: Aston Villa (1310.60)
- Carries: Manchester City (16617.00)
- ProDist: Manchester City (51299.00)
- Carries 1_3: Manchester City (779.00)
- CPA: Manchester City (362.00)
- Rec: Manchester City (19576.00)
- Rec PrgR: Liverpool (1744.00)

3. Đội dẫn đầu nhiều chỉ số nhất:
Đội Manchester City dẫn đầu 14 chỉ số.

4. Đội có điểm tổng hợp cao nhất:
